000135
009901
018593
018906
018907
018910
018916
018925
018926
018927
018930
018946
018947
018948
018951
018953
018956
018957
018960
018961
018962
018965
018969
018971
018982
018983
018988
018990
019396
019397
029996
029997
038988
039193
039392
048416
048417
048418
048421
048422
048423
048458
048460
048462
048464
048508
048815
048816
048817
048818
048819
048825
048831
048832
048833
048834
049034
049035
049036
049357
049358
049359
049482
049570
049949
049950
049951
050032
052082
059108
059810
062864
068811
072900
079000
079050
079122
079908
080000
080003
080004
080005
080006
080007
080009
080010
080011
080012
080018
080104
080105
080106
080107
080739
083001
088628
088629
088630
088631
088632
088764
089059
089069
089665
090009
090011
090012
098002
098008
098027
098028
098033
098034
098035
098072
098137
098138
098141
098233
098234
098235
098269
098270
098322
098323
098588
098604
098679
098973
099010
099951
099953
110001
110002
110003
110004
110005
110006
110007
110008
110009
110013
110014
110015
110016
110024
110025
110026
111016
111989
117281
117282
117283
117284
117286
117287
117376
118326
118327
118328
119587
120101
120102
120103
120104
120105
120106
120107
120108
120109
120110
120111
120112
120113
120114
120115
120208
120307
120321
120322
120323
120341
120518
120519
120520
120604
126990
126992
127229
145803
159187
159188
159189
159190
159191
178881
178892
178895
178897
178899
178900
178901
178902
178903
178908
179230
179290
179493
179620
179622
179806
179807
179868
180008
180009
180010
180261
180262
180263
180264
180269
180270
181008
181009
187995
188310
189350
189674
189685
190001
190002
190003
190004
190005
190012
190014
190017
190020
190462
190467
191463
198372
199018
199581
199587
199596
200025
200026
200028
200641
200809
207663
218252
218254
227973
227976
227977
227979
227980
227981
227987
227989
228208
228209
228210
228211
228212
228218
228220
228221
228222
228223
228224
228225
228226
228227
228228
228229
228230
228231
228238
228240
228305
228516
228598
228599
228600
228601
228603
228604
228636
228638
228640
228642
228796
229187
229189
229191
229193
229210
229211
229287
229450
229451
229452
229458
229459
229543
229743
229744
229836
229838
229841
237963
237968
237974
237988
237989
237990
237992
237993
238002
238004
238008
238096
238098
238099
238100
238101
238102
238107
238111
238258
238307
238309
239197
247656
247661
247662
247673
247676
247681
247682
247683
247685
247686
247687
247688
247691
247704
247731
247775
247776
247777
247778
257828
257829
259240
260001
260002
260003
260004
260007
260008
261008
266075
266076
266077
266078
266084
266085
266086
266096
266098
266100
266214
266215
266216
266217
266222
266223
266227
266268
266288
266289
288286
288287
288288
288289
288290
288303
289685
297608
297613
297724
297725
297726
297727
297728
297730
297731
297732
297743
297754
298104
298106
298113
298133
298135
298137
298144
298179
298186
300342
309849
310001
310004
310020
310023
319064
319257
320152
327830
327994
328704
328708
328712
330077
347486
347493
347494
347495
347719
347720
347722
347724
347730
347733
347735
347737
347738
347739
347768
347807
347893
348471
349317
357651
357667
357668
357674
357675
357676
357677
357678
357679
357694
357695
357696
357697
357698
357699
357700
357701
357714
357729
357730
357731
357862
358542
358543
369573
369707
387381
388700
408652
410101
410102
410103
410104
410105
410106
410107
410108
410109
410110
410113
410114
410115
410116
410117
410636
410637
410652
410653
415802
415834
415835
415836
415837
415927
415928
416135
416137
421489
422489
423371
423372
423470
423471
423477
423478
423479
423480
423493
423494
423495
423496
423649
423650
423651
423652
423653
423654
423677
424444
424445
424454
424896
424898
436519
436572
437437
437438
437442
439173
469695
478938
478939
478940
478941
478942
478964
478965
478966
478969
485985
485993
486001
486010
486014
486038
486045
486047
486049
486050
486059
498713
498714
498715
498717
498730
498735
498736
498737
498740
498745
498750
498751
498754
498756
498773
498775
498794
498797
498800
498805
498807
498810
498811
498812
498813
498816
498837
498905
498906
498913
498917
506755
506756
506760
506761
506762
506780
506785
506787
506788
506789
506796
506797
506798
506816
506817
506818
506820
506821
506825
506826
506827
506844
506845
506846
506865
506889
506890
506901
507020
518200
518463
519465
520172
520173
520174
520175
522175
528504
528505
528528
528529
528530
528531
528532
528543
528544
528545
528546
528604
528607
528620
528621
528622
528643
528644
528739
528741
528742
528745
528777
530001
530002
530006
530007
530015
530016
530017
530018
530019
530020
530021
530107
530108
530110
530113
530115
530119
530120
530121
530125
530130
530132
530134
530139
530227
531181
533750
533757
540101
540102
540103
540104
540105
540106
540120
540148
540149
540151
540155
540162
544591
544594
544992
545081
545121
560101
560102
560103
560104
560105
560106
560107
560110
560111
560112
560113
560116
560119
560120
560122
560124
560129
560133
560151
560333
560402
560403
560404
560406
561805
565954
567754
567755
567756
569930
569931
569932
569980
569981
569982
569983
569985
570022
570023
570024
570025
570026
570027
570028
570104
570105
570106
570107
570138
570151
570236
570239
574162
574163
574165
574175
578774
587757
587758
587759
587761
587762
587763
587764
587765
587766
587845
587847
587848
587849
587850
587968
587976
588192
588195
588196
588197
588198
588217
596160
596162
596163
596166
596167
596168
596169
596170
596229
596231
596232
596301
598720
598721
598722
598723
598724
598727
598728
598729
598734
600020
600021
600022
600023
600024
600025
600030
600031
600032
600033
600034
600035
600054
600057
600063
600102
600106
600108
600110
600112
600201
600202
600203
604959
608536
608537
608538
609476
610063
610064
610065
610066
610111
610112
610113
610115
610116
610117
610118
610119
610120
610150
610152
610153
610160
610348
611346
618299
618300
618301
618302
618303
618304
618305
618409
618411
618413
618828
619023
619024
619030
619036
619088
619090
619091
619113
619158
619161
619162
619163
619166
619204
619253
619254
619257
619264
619476
619478
619485
619628
619824
619826
619862
627515
627635
627705
627725
627726
627727
627750
627784
627785
627786
627788
627789
627790
627791
627792
627793
627800
627810
627817
627896
628324
628342
628508
636737
636738
636739
636741
636742
636743
636744
636745
636807
636808
636809
636810
636811
636814
636815
636816
636846
636866
636871
636910
636916
636921
636922
636945
636957
636958
636959
636960
636968
636982
637009
637010
637016
637031
637032
637035
637069
637121
637141
637156
637331
637334
637371
637472
639748
639750
639751
650103
650106
650113
670101
670102
670103
670104
670105
670130
670141
670142
670143
670144
670150
677636
677637
677638
677727
677728
677729
677730
677899
677901
677903
677929
677930
677931
677932
677937
677938
677946
677948
677949
678021
680001
680002
680003
680004
680005
680006
680009
680010
680011
680012
680013
680015
680027
680031
680032
680104
680117
680451
680454
688254
688259
688384
688386
688388
690090
690091
690092
690095
690096
690097
690098
690099
690100
690101
690102
690103
690112
690116
690117
690119
690120
691413
692316
709654
710004
710005
718767
718772
718778
718794
718819
718827
718836
718915
719454
728630
728642
728644
728645
728649
728653
728655
728656
728661
728665
729753
729755
729757
729759
729761
729825
729826
730001
730002
730003
730004
730005
730007
730008
730013
730022
730027
730031
730032
730033
730034
730035
730112
730113
730117
730119
730122
730123
730452
730913
730916
737678
737679
737680
737681
737686
737718
737723
737724
737743
737914
738205
738249
738250
738309
738319
738449
738453
738454
738471
738472
738736
738741
738958
738959
738960
739453
756952
756957
757487
757488
757489
757621
757624
757625
757752
757753
757758
758353
758354
758355
758356
758357
758358
758359
758367
758382
758385
758386
758387
758392
758532
758534
758620
760101
760102
760103
760104
760105
760106
760107
760108
760110
760111
760115
760116
760117
760122
760123
760124
760136
760137
760138
760241
760253
768929
768930
797359
797364
797365
797369
797370
797371
797373
797375
797403
797405
797438
797439
797440
797445
797446
797453
797454
797520
797522
797523
797545
797554
797778
797977
797978
798412
820050
820052
820053
820054
820055
820056
820057
820058
820060
820061
820062
820063
820065
820069
820073
820106
820108
820235
820237
821232
824233
828629
